# atlas.txt - binds a sprite region to a sim TileId (see docs/content.md)
# kind      id/dir  x    y    w   h   origin_x origin_y
ground      1       0    0    64  32  -32      0
ground      2       64   0    64  32  -32      0
ground      3       128  0    64  32  -32      0
ground      4       192  0    64  32  -32      0
object      100     0    64   64  64  -32      -32
object      101     64   64   64  64  -32      -32
object      102     128  64   64  64  -32      -32
highlight           0    32   64  32  -32      0
solid               234  42   4   4
item        300     0    176  16  16
item        301     16   176  16  16
item        302     32   176  16  16
item        303     48   176  16  16
item        304     64   176  16  16
item        305     80   176  16  16
item        306     96   176  16  16
item        307     112  176  16  16
item        308     112  176  16  16
effect      1       0    200  24  24
effect      2       24   200  8   8
# font: first_ascii count x y cell_w cell_h per_row
font        32      95   0    224  6   8   42
actor       0       0    128  32  48  -16      -32
actor       1       32   128  32  48  -16      -32
actor       2       64   128  32  48  -16      -32
actor       3       96   128  32  48  -16      -32
actor       4       128  128  32  48  -16      -32
actor       5       160  128  32  48  -16      -32
actor       6       192  128  32  48  -16      -32
actor       7       224  128  32  48  -16      -32
item        309     240  240  16  16
object      103     0    256  64  64  -32      -32
object      104     64   256  64  64  -32      -32
mob         1  0  0    320  24  24  -12      -8
mob         1  1  24   320  24  24  -12      -8
mob         1  2  48   320  24  24  -12      -8
mob         1  3  72   320  24  24  -12      -8
mob         1  4  96   320  24  24  -12      -8
mob         1  5  120  320  24  24  -12      -8
mob         1  6  144  320  24  24  -12      -8
mob         1  7  168  320  24  24  -12      -8
mob         2  0  0    344  32  48  -16      -32
mob         2  1  32   344  32  48  -16      -32
mob         2  2  64   344  32  48  -16      -32
mob         2  3  96   344  32  48  -16      -32
mob         2  4  128  344  32  48  -16      -32
mob         2  5  160  344  32  48  -16      -32
mob         2  6  192  344  32  48  -16      -32
mob         2  7  224  344  32  48  -16      -32
mob         3  0  0    392  32  48  -16      -32
mob         3  1  32   392  32  48  -16      -32
mob         3  2  64   392  32  48  -16      -32
mob         3  3  96   392  32  48  -16      -32
mob         3  4  128  392  32  48  -16      -32
mob         3  5  160  392  32  48  -16      -32
mob         3  6  192  392  32  48  -16      -32
mob         3  7  224  392  32  48  -16      -32
